1552608000000	19.95	20.45	19.9	20.4	20268	0.5	2.51		407489
1553212800000	20.75	20.85	19.8	20	32204	-0.4	-1.96		656162
1553817600000	19.85	20	19.5	19.75	21849	-0.25	-1.25		431062
1554249600000	19.8	19.8	19.55	19.7	10732	-0.05	-0.25		211134
1555027200000	19.95	20.05	19.55	19.65	17404	-0.05	-0.25		345578
1555632000000	19.8	19.95	19.55	19.65	17362	0	0		342219
1556236800000	19.7	19.8	19.55	19.55	14158	-0.1	-0.51		278800
1556841600000	19.6	19.75	19.4	19.55	9457	0	0		184964
1557446400000	19.45	19.6	18.95	19.25	24802	-0.3	-1.53		476126
1558051200000	19.15	19.15	18.45	18.7	21936	-0.55	-2.86		411102
1558656000000	18.8	19.05	18.75	18.75	11122	0.05	0.27		210095
1559260800000	18.75	19.35	18.7	19.35	18878	0.6	3.2		359491
1559779200000	19.3	19.65	19.05	19.5	16361	0.15	0.78		316163
1560470400000	19.65	20.7	19.5	20.35	39785	0.85	4.36		801265
1561075200000	20.55	20.55	20	20.2	18152	-0.15	-0.74		368354
1561680000000	20.25	20.35	19.95	20.1	13367	-0.1	-0.5		269597
1562284800000	20.25	20.45	19.85	20.3	14715	0.2	1		296417
1562889600000	20.25	20.3	20.05	20.25	16596	-0.05	-0.25		334823
1563494400000	20.35	20.8	20.2	20.35	28639	0.1	0.49		587145
1564099200000	20.4	20.4	19.4	19.5	27181	-0.85	-4.18		542333
1564704000000	19.5	19.55	18.95	18.95	19815	-0.55	-2.82		381944
1565222400000	19	19.05	18.4	18.85	14254	-0.1	-0.53		267726
1565913600000	18.9	19.45	18.85	19.15	22638	0.3	1.59		433815
1566518400000	19.25	19.7	19.2	19.5	14426	0.35	1.83		280160
1567123200000	19.2	20.3	18.9	20.05	28606	0.55	2.82		560577
1567728000000	20.1	22.1	20.1	21.35	91349	1.3	6.48		1928394
1568246400000	21.45	21.8	21.1	21.15	27131	-0.2	-0.94		579434
1568937600000	21.2	21.3	20.7	21.1	30067	-0.05	-0.24		632538
1569542400000	21.25	22	21.15	21.15	46502	0.05	0.24		999528
1570147200000	21.45	22.4	21.4	22.1	48996	0.95	4.49		1075129
1570579200000	22.25	22.5	21.8	22.05	22565	-0.05	-0.23		499507
1571356800000	22.25	22.35	21.45	22.05	40483	0	0		888296
1571961600000	22.15	22.95	22.1	22.4	47847	0.35	1.59		1080865
1572566400000	22.5	23.15	22.3	22.9	51806	0.5	2.23		1182411
1573171200000	23.05	23.25	22.6	22.65	35113	-0.25	-1.09		806542
1573776000000	22.55	22.9	22	22.25	32517	-0.4	-1.77		729776
1574380800000	22.3	22.6	22.15	22.25	16831	0	0		375657
1574985600000	22.3	22.45	22	22.1	21139	-0.15	-0.67		470115
1575590400000	22.05	22.1	21.5	21.7	21912	-0.4	-1.81		478462
1576195200000	21.75	21.75	20.95	21.1	37508	-0.6	-2.76		798080
1576800000000	21.05	21.4	20.7	20.8	52614	-0.3	-1.42		1105560
1577404800000	20.95	21.7	20.85	21.35	72923	0.55	2.64		1552562
1578009600000	21.4	21.4	21.1	21.15	14945	-0.2	-0.94		317855
1578614400000	21.15	21.2	20.5	21.05	20909	-0.1	-0.47		436612
1579219200000	21.2	21.55	21.1	21.5	18017	0.45	2.14		384705
1579478400000	21.5	21.6	21.4	21.55	3861	0.05	0.23		83118
1580428800000	20.5	20.7	19.7	20.2	23416	-1.35	-6.26		469511
1581033600000	19.75	20.25	19.4	20.05	25070	-0.15	-0.74		500614
1581638400000	19.95	20.3	19.75	20.05	16610	0	0		332831
1582243200000	20.15	20.15	19.8	19.85	13112	-0.2	-1		261297
1582761600000	19.7	19.7	18.75	18.75	22594	-1.1	-5.54		434845
1583452800000	18.3	19.15	18.1	18.8	19465	0.05	0.27		364500
1584057600000	18.4	18.5	15.45	16	42140	-2.8	-14.89		726658
1584662400000	16.2	16.5	13.5	14.25	44430	-1.75	-10.94		649524
1585267200000	13.5	15.35	13.4	15.1	26702	0.85	5.96		394137
1585699200000	14.8	15.7	14.65	15.45	21123	0.35	2.32		322375
1586476800000	15.6	16.3	15.2	16.2	38237	0.75	4.85		605517
1587081600000	16.2	17	16	16.35	31779	0.15	0.93		525181
1587686400000	16.35	16.7	15.35	15.85	26563	-0.5	-3.06		423308
1588204800000	16.05	17.1	15.95	16.95	30437	1.1	6.94		504996
1588896000000	16.8	17.35	16.5	16.6	56530	-0.35	-2.06		952580
1589500800000	16.7	16.85	16.1	16.25	29185	-0.35	-2.11		482725
1590105600000	16.2	16.95	16	16.5	23847	0.25	1.54		395453
1590710400000	16.5	16.85	16.3	16.6	16245	0.1	0.61		270208
1591315200000	16.6	17.5	16.6	17.35	28896	0.75	4.52		494994
1591920000000	17.55	18.45	16.6	17.35	41344	0	0		732201
1592524800000	17.35	17.65	17.15	17.4	19518	0.05	0.29		340272
1592956800000	17.45	18.1	17.45	17.9	14158	0.5	2.87		251283
1593734400000	17.8	18.15	17.5	18	17874	0.1	0.56		318820
1594339200000	18.3	19	18.05	18.25	31330	0.25	1.39		581771
1594944000000	18.3	18.6	18.2	18.3	14153	0.05	0.27		261473
1595548800000	18.35	18.6	17.15	17.25	32663	-1.05	-5.74		591205
1596153600000	17.2	17.3	16.4	16.75	21244	-0.5	-2.9		357193
1596758400000	16.85	18	16.65	17.6	25272	0.85	5.07		439796
1597363200000	18	18.5	17.75	18.15	29199	0.55	3.13		529633
1597968000000	18.4	19.45	18	18.75	61370	0.6	3.31		1155434
1598572800000	18.85	19.5	18.6	18.7	36120	-0.05	-0.27		687101
1599177600000	18.8	20.2	18.5	20	79592	1.3	6.95		1544825
1599782400000	20.35	21.1	19.25	19.3	72968	-0.7	-3.5		1468176
1600387200000	19.6	20.1	19.3	19.6	33954	0.3	1.55		668140
1600992000000	19.85	19.85	17.8	18.1	28323	-1.5	-7.65		531567
1601424000000	18.3	18.7	18.2	18.5	13641	0.4	2.21		251560
1602115200000	18.5	19.35	18.35	19.2	15633	0.7	3.78		295380
1602806400000	19.4	19.4	18.75	18.85	18006	-0.35	-1.82		341473
1603411200000	19	19.35	18.85	19.3	18729	0.45	2.39		358233
1603843200000	19.35	19.5	19.1	19.2	10398	-0.1	-0.52		200744
1604016000000	19.35	19.5	18.7	18.7	18176	-0.6	-3.11		348011
1604620800000	18.75	19.4	18.7	19.05	17085	0.35	1.87		326498
1605225600000	19.25	21.1	19.15	20.7	83948	1.65	8.66		1703664
1605830400000	21	22.2	20.9	21.9	87501	1.2	5.8		1883310
1606435200000	22.15	23.2	22.1	22.95	61699	1.05	4.79		1398603
1607040000000	23.3	27.25	23.25	26.75	148515	3.8	16.56		3719167
1607644800000	27	27.15	25.45	26	121234	-0.75	-2.8		3176369
1608249600000	26.2	29.8	26.15	27.25	148350	1.25	4.81		4116826
1608854400000	27.4	28.15	26.2	27.85	95665	0.6	2.2		2589213
1609372800000	28.3	29.5	28.25	28.95	95909	1.1	3.95		2759376
1609718400000	29.6	30.2	29.1	29.3	30977	0.35	1.21		917875
1607299200000	27	27.15	25.8	25.95	50122	-0.8	-2.99		1319832
1607385600000	26	26.3	25.45	26.05	23068	0.1	0.39		598190
1607472000000	26.25	26.7	26.15	26.65	16006	0.6	2.3		423212
1607558400000	26.6	26.6	25.8	26.05	16661	-0.6	-2.25		436671
1607904000000	26.2	26.8	26.15	26.45	12523	0.45	1.73		331932
1607990400000	26.75	26.9	26.3	26.35	13766	-0.1	-0.38		365612
1608076800000	26.55	26.9	26.5	26.6	9848	0.25	0.95		262573
1608163200000	26.65	27.5	26.35	27.45	25222	0.85	3.2		681410
1608508800000	27.4	27.55	26.3	26.9	28422	-0.35	-1.28		762008
1608595200000	26.7	27.25	26.2	26.35	15961	-0.55	-2.04		427528
1608681600000	26.5	26.8	26.25	26.5	12158	0.15	0.57		322252
1608768000000	26.65	26.9	26.5	26.55	6477	0.05	0.19		172676
1609113600000	28.3	29.5	28.25	29.05	44017	1.2	4.31		1271380
1609200000000	29.2	29.3	28.25	28.5	23651	-0.55	-1.89		676615
1609286400000	28.4	28.65	28.3	28.5	10321	0	0		293886
1609804800000	29.1	29.5	28.8	29.2	16642	-0.1	-0.34		486017
1609891200000	29.85	30.1	28.25	28.85	25766	-0.35	-1.2		750385
1609977600000	29.6	29.7	28.65	28.75	19028	-0.1	-0.35		552278
1610064000000	28.75	28.75	27.8	28	21497	-0.75	-2.61		604249
1610323200000	28	28.7	28	28.6	10104	0.6	2.14		287193
1610409600000	28.6	28.6	27.6	27.7	16514	-0.9	-3.15		461091
1610496000000	27.7	28.45	27.7	27.95	12925	0.25	0.9		362121
1610582400000	28.15	28.35	28	28.25	8830	0.3	1.07		248740
1610668800000	28.5	28.55	27.5	27.7	12599	-0.55	-1.95		351006
1610928000000	27.3	27.65	26.5	27.65	15100	-0.05	-0.18		409128
1611014400000	27.9	28.15	27.15	27.25	11692	-0.4	-1.45		322332
1611100800000	27.05	27.3	25.7	26.05	26979	-1.2	-4.4		708927
1611187200000	26.5	26.85	26.15	26.55	9306	0.5	1.92		246704
1611273600000	26.55	27.35	26.15	27.3	14648	0.75	2.82		390985
1611532800000	27.25	28.1	26.65	27.95	19463	0.65	2.38		536770
1611619200000	28.35	29.3	28.25	29	41390	1.05	3.76		1195516
1611705600000	29.05	29.8	28.75	29.3	31965	0.3	1.03		939006
1611792000000	28.85	29.7	28.7	29.2	21912	-0.1	-0.34		640666
1611878400000	29.8	30.2	28.25	28.65	32167	-0.55	-1.88		941821
1612137600000	28.3	28.75	27.65	28.25	19060	-0.4	-1.4		536509
1612224000000	28.4	28.9	28.25	28.45	15955	0.2	0.71		454781
1612310400000	28.8	30	28.6	29.7	40449	1.25	4.39		1195553
1612396800000	29.7	29.85	28.9	29.35	22206	-0.35	-1.18		651935
1612483200000	29.45	29.5	28.3	28.35	22610	-1	-3.41		646896
1613520000000	28.5	28.7	27.9	28.2	13965	-0.15	-0.53		394899
1613606400000	28.05	28.55	28	28.35	8688	0.15	0.53		245720
1613692800000	28.1	28.55	28.1	28.45	7433	0.1	0.35		210755
1613952000000	28.65	29.35	28.65	29.3	13214	0.85	2.99		384360
1614038400000	29.5	29.55	28.9	29.25	9240	-0.05	-0.17		270015
1614124800000	29.15	29.95	29.15	29.25	14196	0	0		418897
1614211200000	29.7	30.2	29.4	30.2	24675	0.95	3.25		738392
1614297600000	29.8	30.8	29.7	30.55	30763	0.35	1.16		931919
1614643200000	31	32.8	29.6	29.6	68408	-0.95	-3.11		2138091
1614729600000	29.55	30.3	29.1	30.2	18899	0.6	2.03		563467
1614816000000	30	30.6	29.6	29.85	12762	-0.35	-1.16		384046
1614902400000	29.5	30	29.2	29.45	15922	-0.4	-1.34		470041
1615161600000	29.65	29.85	28.65	28.7	20777	-0.75	-2.55		605165
1615248000000	28.7	29.15	28.5	29.1	13465	0.4	1.39		388026
1615334400000	29.3	29.65	29	29.65	12640	0.55	1.89		370790
1615420800000	29.75	30	29.55	29.7	13155	0.05	0.17		391001
1615507200000	29.9	29.95	29.5	29.6	9322	-0.1	-0.34		276983
1615766400000	29.9	29.9	29.2	29.3	9800	-0.3	-1.01		288003
1615852800000	29.55	29.55	29	29.25	11089	-0.05	-0.17		323385
1615939200000	29.3	29.3	28.95	29.15	9143	-0.1	-0.34		266428
1616025600000	29.3	29.75	29.3	29.7	11276	0.55	1.89		333062
1616112000000	29.6	29.8	29.3	29.65	10283	-0.05	-0.17		303935
1616371200000	29.7	30.65	29.45	30.6	17934	0.95	3.2		541117
1616457600000	30.85	31.45	30	30.8	20571	0.2	0.65		631584
1616544000000	30.05	30.45	29.75	30.25	14680	-0.55	-1.79		439425
1616630400000	30.2	31.2	30.2	31.1	29136	0.85	2.81		901488
1616716800000	31.7	31.7	30.6	30.75	24765	-0.35	-1.13		766160
1616976000000	31	33.35	31	32.85	63810	2.1	6.83		2067961
1617062400000	33.35	33.8	32.55	33.7	38434	0.85	2.59		1281099
1617148800000	33.8	34.6	33.55	34.25	30517	0.55	1.63		1041343
1617235200000	34.5	34.6	33.15	33.45	28156	-0.8	-2.34		946623
1617667200000	33.75	33.95	33	33.5	17013	0.05	0.15		569887
1617753600000	33.9	34.4	33.5	34.4	17364	0.9	2.69		591142
1617840000000	34.6	34.8	34	34.4	15525	0	0		533188
1617926400000	34.5	34.95	34.15	34.2	17677	-0.2	-0.58		610769
1618185600000	34.55	36.2	34.5	35.55	26861	1.35	3.95		952090
